100000000000031 
100000000000037 
100000000000067 
100000000000097 
100000000000099 
100000000000133 
100000000000139 
100000000000169 
100000000000183 
100000000000261 
100000000000357 
100000000000367 
100000000000403 
100000000000423 
100000000000469 
100000000000487 
100000000000493 
100000000000541 
100000000000601 
100000000000643 
100000000000657 
100000000000709 
100000000000721 
100000000000753 
100000000000777 
100000000000807 
100000000000841 
100000000000843 
100000000000861 
100000000000963 
100000000000993
100000000001087 
100000000001089 
100000000001129 
100000000001173 
100000000001177 
100000000001189 
100000000001197 
100000000001203 
100000000001273 
100000000001303 
100000000001381 
100000000001387 
100000000001413 
100000000001423 
100000000001467 
100000000001549 
100000000001593 
100000000001611 
100000000001623 
100000000001647 
100000000001659 
100000000001669 
100000000001723 
100000000001731 
100000000001809 
100000000001831 
100000000001843 
100000000001959 
100000000002029 
100000000002037 
100000000002047 
100000000002079 
100000000002113 
100000000002143 
100000000002239 
100000000002323 
100000000002361 
100000000002367 
100000000002433 
100000000002533 
100000000002563 
100000000002569 
100000000002577 
100000000002619 
100000000002733 
100000000002743 
100000000002787 
100000000002821 
100000000002839 
100000000002887 
100000000002911 
100000000002989 
100000000003037 
100000000003039 
100000000003049 
100000000003073 
100000000003087 
100000000003213 
100000000003291 
100000000003303 
100000000003363 
100000000003391 
100000000003451 
100000000003457 
100000000003487 
100000000003513 
100000000003517 
100000000003583 
100000000003693 
100000000003733 
100000000003789 
100000000003793 
100000000003807 
100000000003811 
100000000003957 
100000000003997 
100000000003999 
100000000004039 
100000000004083 
100000000004087 
100000000004117 
100000000004161 
100000000004189 
100000000004257 
100000000004287 
100000000004321 
100000000004353 
100000000004369 
100000000004413 
100000000004441 
100000000004477 
100000000004503 
100000000004507 
100000000004539 
100000000004557 
100000000004573 
100000000004581 
100000000004609 
100000000004731 
100000000004741 
100000000004767 
100000000004869 
100000000004881 
100000000004893 
100000000004899 
100000000004923 
100000000004977 
100000000005001 
100000000005023 
100000000005053 
100000000005077 
100000000005083 
100000000005091 
100000000005097 
100000000005127 
100000000005173 
100000000005181 
100000000005233 
100000000005259 
100000000005287 
100000000005289 
100000000005329 
100000000005341 
100000000005391 
100000000005403 
100000000005527 
100000000005547 
100000000005553 
100000000005559 
100000000005611 
100000000005629 
100000000005667 
100000000005679 
100000000005701 
100000000005733 
100000000005739 
100000000005781 
100000000005811 
100000000005821 
100000000005827 
100000000005863 
100000000005877 
100000000005967 
100000000006087 
100000000006117 
100000000006177 
100000000006253 
100000000006259 
100000000006261 
100000000006369 
100000000006399 
100000000006421 
100000000006433 
100000000006447 
100000000006453 
100000000006481 
100000000006519 
100000000006559 
100000000006579 
100000000006651 
100000000006679 
100000000006763 
100000000006783 
100000000006789 
100000000006817 
100000000006873 
100000000006891 
100000000006937 
100000000006981 
100000000006993 
100000000006997 
100000000007069 
100000000007101 
100000000007123 
100000000007129 
100000000007191 
100000000007197 
100000000007203 
100000000007209 
100000000007221 
100000000007239 
100000000007267 
100000000007269 
100000000007329 
100000000007339 
100000000007393 
100000000007407 
100000000007431 
100000000007441 
100000000007471 
100000000007477 
100000000007519 
100000000007521 
100000000007533 
100000000007573 
100000000007587 
100000000007623 
100000000007627 
100000000007669 
100000000007711 
100000000007797 
100000000007807 
100000000007827 
100000000007857 
100000000007867 
100000000007893 
100000000007953 
100000000007959 
100000000008023 
100000000008037 
100000000008049 
100000000008053 
100000000008071 
100000000008131 
100000000008229 
100000000008247 
100000000008257 
100000000008331 
100000000008487 
100000000008511 
100000000008547 
100000000008563 
100000000008581 
100000000008589 
100000000008593 
100000000008619 
100000000008661 
100000000008673 
100000000008757 
100000000008763 
100000000008767 
100000000008791 
100000000008793 
100000000008829 
100000000008847 
100000000008859 
100000000008863 
100000000008877 
100000000008911 
100000000008913 
100000000008943 
100000000008949 
100000000008967 
100000000008977 
100000000009043 
100000000009061 
100000000009103 
100000000009127 
100000000009153 
100000000009183 
100000000009201 
100000000009207 
100000000009213 
100000000009219 
100000000009277 
100000000009319 
100000000009333 
100000000009363 
100000000009369 
100000000009421 
100000000009433 
100000000009523 
100000000009669 
100000000009681 
100000000009727 
100000000009759 
100000000009823 
100000000009829 
100000000009837 
100000000009879 
100000000009907 
100000000009909 
100000000009933 
100000000009951
100000000010033 
100000000010143 
100000000010153 
100000000010167 
100000000010189 
100000000010203 
100000000010279 
100000000010299 
100000000010347 
100000000010369 
100000000010399 
100000000010411 
100000000010429 
100000000010461 
100000000010507 
100000000010563 
100000000010641 
100000000010653 
100000000010663 
100000000010747 
100000000010783 
100000000010797 
100000000010861 
100000000010891 
100000000010893 
100000000010941 
100000000010983 
100000000011077 
100000000011089 
100000000011103 
100000000011179 
100000000011181 
100000000011203 
100000000011227 
100000000011271 
100000000011347 
100000000011383 
100000000011391 
100000000011397 
100000000011437 
100000000011523 
100000000011553 
100000000011559 
100000000011563 
100000000011599 
100000000011643 
100000000011719 
100000000011731 
100000000011763 
100000000011767 
100000000011827 
100000000011871 
100000000011883 
100000000011917 
100000000011929 
100000000011941 
100000000011983 
100000000012009 
100000000012051 
100000000012139 
100000000012183 
100000000012243 
100000000012307 
100000000012397 
100000000012411 
100000000012433 
100000000012457 
100000000012459 
100000000012489 
100000000012511 
100000000012537 
100000000012541 
100000000012579 
100000000012621 
100000000012631 
100000000012637 
100000000012721 
100000000012769 
100000000012789 
100000000012817 
100000000012831 
100000000012933 
100000000012973 
100000000012987 
100000000013027 
100000000013033 
100000000013041 
100000000013071 
100000000013077 
100000000013093 
100000000013101 
100000000013119 
100000000013191 
100000000013233 
100000000013281 
100000000013377 
100000000013393 
100000000013467 
100000000013471 
100000000013477 
100000000013497 
100000000013521 
100000000013539 
100000000013839 
100000000013887 
100000000013899 
100000000013941 
100000000013957 
100000000013989 
100000000014007 
100000000014073 
100000000014113 
100000000014121 
100000000014137 
100000000014203 
100000000014217 
100000000014227 
100000000014241 
100000000014251 
100000000014373 
100000000014389 
100000000014403 
100000000014419 
100000000014529 
100000000014569 
100000000014571 
100000000014619 
100000000014647 
100000000014667 
100000000014703 
100000000014769 
100000000014779 
100000000014793 
100000000014829 
100000000014841 
100000000014857 
100000000014917 
100000000014947 
100000000014953 
100000000014979 
100000000015009 
100000000015021 
100000000015117 
100000000015121 
100000000015129 
100000000015147 
100000000015183 
100000000015231 
100000000015243 
100000000015247 
100000000015249 
100000000015259 
100000000015301 
100000000015337 
100000000015339 
100000000015351 
100000000015361 
100000000015439 
100000000015457 
100000000015463 
100000000015493 
100000000015523 
100000000015571 
100000000015579 
100000000015589 
100000000015607 
100000000015639 
100000000015681 
100000000015709 
100000000015759 
100000000015781 
100000000015787 
100000000015793 
100000000015801 
100000000015841 
100000000015897 
100000000015931 
100000000016101 
100000000016107 
100000000016113 
100000000016141 
100000000016173 
100000000016177 
100000000016197 
100000000016201 
100000000016263 
100000000016353 
100000000016489 
100000000016561 
100000000016563 
100000000016569 
100000000016573 
100000000016687 
100000000016701 
100000000016711 
100000000016747 
100000000016759 
100000000016881 
100000000016887 
100000000016909 
100000000016933 
100000000017013 
100000000017017 
100000000017023 
100000000017083 
100000000017091 
100000000017131 
100000000017257 
100000000017287 
100000000017341 
100000000017361 
100000000017377 
100000000017409 
100000000017419 
100000000017439 
100000000017469 
100000000017481 
100000000017763 
100000000017769 
100000000017793 
100000000017817 
100000000017829 
100000000017847 
100000000017871 
100000000017877 
100000000017887 
100000000017899 
100000000017941 
100000000017959 
100000000017971 
100000000018027 
100000000018031 
100000000018057 
100000000018109 
100000000018111 
100000000018117 
100000000018159 
100000000018207 
100000000018211 
100000000018229 
100000000018253 
100000000018291 
100000000018297 
100000000018339 
100000000018367 
100000000018427 
100000000018453 
100000000018517 
100000000018531 
100000000018553 
100000000018559 
100000000018621 
100000000018631 
100000000018651 
100000000018753 
100000000018799 
100000000018837 
100000000018943 
100000000018949 
100000000019089 
100000000019111 
100000000019159 
100000000019167 
100000000019189 
100000000019201 
100000000019209 
100000000019237 
100000000019243 
100000000019261 
100000000019333 
100000000019341 
100000000019363 
100000000019401 
100000000019411 
100000000019419 
100000000019581 
100000000019617 
100000000019629 
100000000019683 
100000000019809 
100000000019827 
100000000019891 
100000000019947